75499457.0 540276137.0
0
86166977.0 531957746.0
0
86530542.0 536026743.0 86025914.0 535962788.0 85582203.0 536030804.0 85357920.0 535514031.0 84926726.0 534724428.0 85311266.0 534804939.0 85849965.0 534867200.0 86032635.0 534842980.0 86292264.0 535016553.0 86522950.0 535159685.0 86456422.0 535526395.0 86219064.0 535713557.0 86530542.0 536026743.0
0
86593672.0 536078317.0 86478208.0 536045719.0 86593672.0 536078317.0
0
89907318.0 530965647.0 89626521.0 531010611.0 89482934.0 531155250.0 89829170.0 531262789.0 89555300.0 531474924.0 89400594.0 531522299.0 89224347.0 531430911.0 89099922.0 531326380.0 88847816.0 531331740.0 88559305.0 531385898.0 88411642.0 531525640.0 88213168.0 531634821.0 88032214.0 531620424.0 87814039.0 531630721.0 87519860.0 531646506.0 87354583.0 531724631.0 87157176.0 531826108.0 87027529.0 531812659.0 86787050.0 531775330.0 86584978.0 531787160.0 86420783.0 531896579.0 86154950.0 531945662.0 85920028.0 531845446.0 85813197.0 531923383.0 85848930.0 532015852.0 85981383.0 532100161.0 85146770.0 532279973.0 84829757.0 532233175.0 85219079.0 531931700.0 86055541.0 531710977.0 86341999.0 531346069.0 86536081.0 531097348.0 86733712.0 530874413.0 87047054.0 530788664.0 87094430.0 530464681.0 87345574.0 530344301.0 87491329.0 530388232.0 87573366.0 530438205.0 87714624.0 530478871.0 87842675.0 530382132.0 88104535.0 530288053.0 88397945.0 530196215.0 88517800.0 530194993.0 88634139.0 530406285.0 89212661.0 530122265.0 89458676.0 530301256.0 89774915.0 530452050.0 89644761.0 530614911.0 89643863.0 530760735.0 89826463.0 530931549.0 89907318.0 530965647.0
0
115981180.0 530347743.0 114748578.0 530671702.0 113001708.0 530813441.0 112102022.0 531437910.0 111924207.0 531822189.0 110900670.0 532141836.0 110374917.0 532632560.0 110077269.0 533023195.0 109545261.0 533334797.0 109132424.0 533411919.0 108717236.0 533219757.0 108285522.0 533072678.0 107713808.0 533281590.0 107313427.0 533557519.0 106249420.0 533712665.0 105424009.0 533694963.0 104078962.0 534073676.0 103255978.0 534266177.0 102547370.0 534152686.0 102007657.0 533984153.0 101450604.0 534161360.0 100496344.0 534630791.0 100352421.0 534468959.0 100212805.0 534305886.0 99826555.0 534155233.0 99600923.0 534250056.0 99199833.0 534342052.0 98999968.0 534573072.0 98634042.0 534404301.0 98113054.0 534625685.0 97999991.0 534795393.0 97891541.0 534936445.0 97714323.0 535046053.0 97785620.0 535233038.0 97655587.0 535410972.0 96687686.0 535676168.0 95286124.0 536608437.0 93672178.0 538090277.0 76978273.0 539840877.0 67587765.0 538685018.0 66358093.0 535302327.0 68933816.0 533770902.0 72117246.0 532314199.0 72102828.0 531875476.0 72140024.0 531772041.0 71911276.0 531594879.0 71835907.0 531413303.0 71809366.0 531278335.0 72016347.0 531030352.0 72070226.0 530412534.0 72129682.0 530108775.0 72053654.0 529916892.0 71963728.0 529727881.0 71836252.0 529460158.0 71582737.0 529181954.0 71242466.0 528839766.0 70966208.0 528575634.0 70908479.0 528422336.0 70795149.0 528208718.0 70701036.0 527928095.0 70653965.0 527356380.0 70601129.0 526894709.0 70384520.0 526329357.0 70062342.0 526387321.0 69940310.0 526413563.0 69814976.0 526451400.0 69592329.0 526417307.0 69384166.0 526379038.0 69187492.0 526400006.0 69135815.0 526468120.0 68966340.0 526514263.0 68799503.0 526505483.0 68713310.0 526529185.0 68595010.0 526496293.0 68455347.0 526500150.0 68319940.0 526515571.0 68280672.0 526492287.0 68190141.0 526476793.0 68162114.0 526486062.0 68003520.0 526515778.0 67792977.0 526519207.0 67523491.0 526465277.0 67505403.0 526471373.0 67182792.0 526313410.0 67143773.0 526266142.0 67184859.0 526227100.0 67229097.0 526203722.0 67237428.0 526045112.0 67467575.0 525739780.0 67505331.0 525592698.0 67259735.0 525632551.0 67236678.0 525581713.0 67211836.0 525534877.0 67162414.0 525497483.0 66963987.0 525328163.0 67313430.0 524736275.0 68160398.0 524597274.0 68743171.0 524491464.0 69473005.0 524366214.0 69705950.0 524552717.0 69862589.0 524692198.0 69996395.0 524552423.0 70154899.0 524265502.0 70333482.0 524066168.0 70404383.0 524026275.0 70508922.0 524006740.0 70588247.0 523962846.0 70722653.0 523719757.0 70651746.0 523457988.0 70495275.0 523262963.0 70428319.0 523132855.0 70295470.0 522815271.0 70426624.0 522559735.0 71070267.0 522457551.0 71238581.0 522615104.0 72419072.0 522640772.0 73453624.0 522826432.0 73996460.0 523079954.0 74714700.0 523445104.0 75342119.0 523702792.0 75617101.0 523718725.0 75805692.0 523925062.0 75842856.0 524042059.0 75740940.0 524378671.0 76106129.0 524724442.0 76983743.0 524410602.0 77556035.0 523893178.0 78323949.0 523696562.0 79172016.0 523680200.0 79428489.0 523589630.0 79489050.0 523491451.0 79476559.0 523384379.0 79658331.0 523232649.0 79783430.0 523117569.0 79663548.0 523049490.0 79328230.0 522976844.0 79326991.0 522862557.0 79506300.0 522682370.0 79339060.0 522653781.0 79249784.0 522564401.0 79280010.0 522404299.0 79265103.0 522270364.0 79137753.0 522202121.0 79004656.0 522083817.0 79045988.0 521973577.0 79143404.0 521856160.0 79344924.0 521769300.0 79600425.0 521761252.0 79767780.0 521715747.0 79942843.0 521753123.0 80183827.0 521660814.0 80178478.0 521604241.0 80004475.0 521542477.0 80027760.0 521374560.0 79790849.0 521161280.0 79470229.0 521021165.0 79216737.0 520966809.0 79105577.0 520639700.0 79523144.0 520422482.0 79889048.0 520445560.0 80111144.0 520554659.0 80322191.0 520680625.0 80493431.0 520632315.0 80869779.0 520644650.0 81288055.0 520689120.0 81663758.0 520734142.0 81950597.0 520733741.0 81973911.0 520772152.0 82000165.0 520838962.0 82032082.0 520896644.0 82185588.0 521017381.0 82256376.0 521080554.0 82364150.0 521126029.0 82539523.0 521213080.0 82650036.0 521239747.0 82752170.0 521311459.0 82854294.0 521341096.0 82863403.0 521284753.0 82983195.0 521229789.0 83145431.0 521223720.0 83311506.0 521245998.0 83546570.0 521192974.0 83779204.0 521095863.0 83806148.0 521086619.0 83847773.0 521085140.0 83870995.0 521083771.0 83897621.0 521084227.0 83961184.0 521094424.0 84100733.0 521147104.0 84099457.0 521173663.0 84090799.0 521198955.0 84055707.0 521224428.0 84052064.0 521256363.0 84049571.0 521301778.0 84120532.0 521372432.0 84398357.0 521483242.0 84526076.0 521550847.0 84730391.0 521567982.0 84865203.0 521665607.0 84931008.0 521683601.0 84976303.0 521719219.0 85049776.0 521768925.0 84968582.0 521903629.0 84614246.0 521979446.0 84521490.0 522046568.0 84422637.0 522143564.0 84520725.0 522213514.0 84597343.0 522284451.0 84596898.0 522336333.0 84588602.0 522394376.0 84685266.0 522476023.0 84661358.0 522677003.0 84592640.0 522948350.0 84685580.0 523118357.0 84449176.0 523521348.0 83996345.0 523793603.0 83219075.0 524260919.0 83485621.0 524515509.0 83860143.0 524469036.0 84140692.0 524464500.0 84198133.0 524498331.0 84533377.0 524609383.0 84937254.0 525061397.0 86358369.0 525259931.0 86827358.0 525187980.0 86891538.0 525167718.0 86844706.0 525140757.0 86891761.0 525109542.0 87092707.0 524764054.0 87054075.0 524565066.0 87170428.0 524264269.0 87077691.0 524113855.0 87249590.0 524008162.0 87558227.0 523903832.0 88678663.0 523931195.0 88922340.0 524021178.0 89239004.0 524017453.0 89460393.0 524161757.0 89723144.0 524268366.0 89799198.0 524375628.0 89871701.0 524519461.0 90170337.0 524659869.0 90402344.0 524812053.0 90588250.0 524988642.0 90903802.0 524957123.0 91198054.0 524850801.0 91221936.0 524665077.0 90986235.0 524409565.0 91127364.0 524279060.0 91190315.0 524222526.0 91069746.0 523916250.0 90999998.0 523805893.0 90886647.0 523640141.0 90758058.0 523511925.0 90688942.0 523479816.0 90648314.0 523474139.0 90585065.0 523457513.0 90474052.0 523401376.0 90262104.0 523432511.0 89974401.0 523208876.0 89919311.0 523162747.0 89901642.0 523083174.0 89898449.0 523032278.0 89855124.0 522932333.0 89862436.0 522861269.0 89650782.0 522793525.0 89677389.0 522751231.0 89762906.0 522755152.0 89776130.0 522706471.0 89721183.0 522636070.0 89875510.0 522609713.0 90319443.0 522492598.0 90501556.0 522413368.0 90661593.0 522358364.0 90733852.0 522289812.0 90458795.0 522221489.0 90403834.0 522160186.0 90463100.0 521985560.0 90229483.0 521830182.0 89937766.0 521916012.0 90109842.0 521778108.0 90136469.0 521590999.0 90237039.0 521351284.0 90341810.0 521386982.0 90465847.0 521444453.0 90628560.0 521473587.0 90705819.0 521454435.0 90803442.0 521411115.0 90954099.0 521365918.0 91139674.0 521374740.0 91289933.0 521394714.0 91408177.0 521351714.0 91534982.0 521289768.0 91592132.0 521197925.0 91475417.0 521133034.0 91359429.0 521010183.0 91401773.0 520971914.0 91619467.0 520907603.0 91791832.0 520821423.0 91927712.0 520705307.0 91813170.0 520679289.0 91744353.0 520520602.0 91804798.0 520303040.0 91961307.0 520102003.0 91845616.0 519913823.0 91877753.0 519685779.0 92082016.0 519602713.0 92138544.0 519706498.0 92386456.0 519767842.0 92567908.0 519774822.0 92662284.0 519722898.0 92784287.0 519613681.0 92685623.0 519471856.0 92734468.0 519303665.0 92972843.0 519201618.0 93183380.0 519190006.0 93418377.0 519043304.0 93446094.0 518887008.0 93401042.0 518761425.0 93284315.0 518548798.0 93875939.0 518611125.0 94567242.0 518613419.0 94410707.0 518288940.0 94303603.0 518089978.0 94475099.0 517931936.0 94130783.0 517736317.0 93841035.0 517498290.0 93877096.0 517231363.0 93918843.0 516933246.0 93824189.0 516686134.0 93974369.0 516471668.0 94352837.0 516512610.0 94615242.0 516527665.0 94943244.0 516460564.0 95308871.0 516296573.0 95592278.0 516294015.0 95795168.0 516271168.0 95948963.0 516282615.0 96207636.0 516352841.0 96314049.0 516253055.0 96389151.0 516084242.0 96724255.0 515871752.0 96817832.0 515670540.0 96478301.0 515799704.0 96279612.0 515682366.0 96422682.0 515498458.0 96158012.0 515545151.0 96217994.0 515393709.0 95871958.0 515148005.0 96296759.0 514751121.0 96281254.0 514472722.0 96405019.0 514150769.0 96128541.0 514060199.0 95620979.0 513861608.0 95587097.0 513609767.0 95810745.0 513419449.0 96206908.0 513281706.0 96424088.0 513146200.0 96692434.0 513175959.0 96976726.0 513050375.0 97298849.0 512934623.0 97750387.0 513252529.0 97680463.0 513369935.0 97332130.0 513320169.0 97023863.0 513600477.0 97531106.0 513763820.0 97875473.0 513899587.0 97927454.0 514026423.0 98306027.0 514047292.0 98396735.0 513919957.0 98680197.0 513747270.0 98527704.0 514064231.0 98762077.0 514076808.0 99058284.0 514157273.0 99225661.0 513999261.0 99305305.0 513785627.0 99542665.0 513894492.0 99927106.0 514029118.0 100299879.0 514197991.0 100462542.0 514362173.0 100652646.0 514231069.0 100852095.0 514347907.0 101284050.0 514346769.0 101417920.0 514408982.0 101796621.0 514555048.0 101926986.0 514811683.0 102209818.0 514716792.0 102461869.0 514838479.0 102900002.0 514930411.0 103153631.0 515153267.0 103577079.0 515369126.0 103666228.0 515571455.0 103770779.0 515712272.0 103719478.0 515881268.0 104464515.0 515884781.0 104846074.0 515771955.0 105318333.0 515575861.0 105858391.0 515658564.0 106215589.0 515756424.0 106526045.0 515601352.0 106639143.0 515782844.0 106372471.0 515910259.0 106342174.0 516049279.0 106453266.0 516102748.0 106430198.0 516224894.0 106769026.0 516287758.0 106880978.0 516394947.0 106772193.0 516629747.0 106669763.0 516845885.0 106707195.0 517008927.0 106596700.0 517165409.0 106418415.0 517265432.0 106349942.0 517355144.0 106321539.0 517394290.0 106313851.0 517440846.0 106312080.0 517484848.0 106297445.0 517533468.0 106008367.0 517648362.0 105798553.0 517811669.0 105846870.0 517947113.0 105809247.0 518026131.0 105745582.0 518116808.0 105781559.0 518228004.0 105768311.0 518438085.0 106039574.0 518567688.0 106335947.0 518735760.0 106502359.0 518907272.0 106487801.0 519064076.0 106399511.0 519136196.0 106176370.0 519328716.0 106325825.0 519493149.0 106293197.0 519584846.0 106039171.0 519773212.0 105713541.0 520099174.0 106260967.0 520123515.0 106504780.0 520357765.0 106969942.0 520491697.0 107742389.0 520498350.0 108584074.0 520516278.0 109511414.0 520580726.0 109706774.0 520831613.0 109457444.0 520925049.0 109418738.0 521032750.0 109712505.0 521063471.0 109898341.0 521122620.0 110051355.0 521185606.0 110170442.0 521280118.0 110449725.0 521421595.0 110559163.0 521593442.0 110611409.0 521660751.0 110366503.0 521718797.0 110192736.0 521986917.0 110856211.0 522290797.0 110788387.0 522392203.0 110216862.0 522805968.0 110354790.0 523041398.0 110191091.0 523215931.0 109930324.0 523432122.0 110236534.0 523443388.0 110644904.0 523542926.0 110691827.0 523755198.0 110486496.0 523870015.0 110169909.0 523943699.0 109896958.0 524183708.0 109625715.0 524345762.0 109339565.0 524609907.0 109508774.0 524952469.0 110014646.0 525017655.0 109680116.0 525275485.0 109429937.0 525526314.0 109399103.0 525702974.0 109397456.0 525889203.0 109580457.0 525982054.0 109694458.0 526259183.0 109276191.0 526096149.0 109161004.0 526183312.0 109037275.0 526295086.0 108978742.0 526391524.0 108917101.0 526460416.0 108829813.0 526522219.0 108786229.0 526557425.0 108773330.0 526606669.0 108665195.0 526713486.0 108587726.0 526763950.0 108485601.0 526856989.0 108375346.0 526956787.0 108322772.0 527111360.0 107963256.0 527146794.0 107904861.0 527405394.0 107757205.0 527580586.0 107571236.0 528198188.0 108138411.0 528483044.0 108902602.0 528456462.0 109048672.0 528543717.0 109190996.0 528534125.0 109359150.0 528529126.0 109498858.0 528602559.0 109632095.0 528717077.0 109748437.0 528775941.0 109893381.0 529000776.0 110054630.0 529113684.0 110327352.0 529114576.0 110724621.0 529104959.0 110919221.0 529134487.0 111177892.0 528967901.0 112193926.0 528925539.0 112483642.0 528793011.0 112878308.0 528880894.0 113373757.0 528884890.0 113839433.0 529015126.0 114229201.0 529158325.0 114915568.0 529416312.0 115264701.0 530085491.0 115650007.0 530152842.0 115981180.0 530347743.0
4
89167315.0 531392913.0 89354241.0 531498041.0 89458041.0 531512477.0 89725405.0 531327942.0 89613564.0 531196866.0 89603016.0 531065911.0 89684624.0 531006858.0 89632214.0 530877692.0 89638394.0 530701642.0 89666141.0 530573586.0 89664523.0 530366530.0 89454177.0 530246702.0 88929809.0 530141842.0 88672148.0 530257159.0 88498265.0 530235181.0 88298136.0 530212942.0 88039145.0 530325629.0 87771576.0 530405019.0 87611309.0 530504638.0 87570787.0 530411118.0 87385073.0 530380854.0 87273194.0 530354561.0 87086908.0 530594395.0 87008250.0 530829359.0 86648715.0 530956124.0 86543569.0 531163000.0 86243613.0 531583832.0 85713953.0 531766030.0 85021659.0 532044307.0 84897386.0 532266402.0 85466660.0 532129671.0 85913260.0 532046749.0 85815366.0 531981746.0 85824225.0 531906555.0 86018765.0 531866730.0 86293261.0 531978599.0 86538545.0 531876460.0 86652219.0 531764570.0 86869793.0 531789212.0 87070517.0 531770249.0 87298727.0 531790282.0 87422799.0 531717310.0 87652834.0 531622512.0 87904515.0 531610384.0 88084042.0 531626561.0 88297325.0 531630608.0 88487639.0 531442718.0 88616425.0 531369925.0 89029462.0 531385203.0 89170284.0 531373399.0 89167315.0 531392913.0
86425428.0 536089605.0 86469410.0 536046026.0 86425428.0 536089605.0
86467465.0 536041538.0 86207555.0 535725916.0 86460814.0 535537861.0 86507698.0 535173561.0 86306024.0 535016535.0 86033975.0 534868893.0 85852881.0 534863367.0 85321370.0 534804290.0 85056633.0 534711654.0 85501255.0 535395028.0 85579188.0 536030040.0 86016006.0 535956694.0 86467465.0 536041538.0
86120680.0 531962265.0