61962337.0 506585001.0 61846953.0 506493844.0 61962337.0 506585001.0
0
62067950.0 505224772.0 62008302.0 505210917.0 62067950.0 505224772.0
0
62425134.0 505902322.0 62194445.0 505817259.0 62020810.0 505690573.0 61785075.0 505535891.0 61977097.0 505400013.0 62181144.0 505562996.0 62333822.0 505650146.0 62403447.0 505903963.0 62425134.0 505902322.0
0
62485110.0 505976658.0
0
62738327.0 506296703.0 62169237.0 506400979.0 61911380.0 506396512.0 61693609.0 506417692.0 61868243.0 506300815.0 62202634.0 506311384.0 62731924.0 506286019.0 62738327.0 506296703.0
0
94617417.0 518576793.0 94040904.0 518557962.0 93342072.0 518539303.0 93399656.0 518745759.0 93431959.0 518830409.0 93421892.0 518998303.0 93230440.0 519172483.0 93047451.0 519226075.0 92795209.0 519256821.0 92655958.0 519457278.0 92843988.0 519600062.0 92680392.0 519708670.0 92600643.0 519769702.0 92406613.0 519756923.0 92165049.0 519716457.0 92096921.0 519636766.0 91880143.0 519649733.0 91826579.0 519859240.0 91877719.0 520084154.0 91891056.0 520263214.0 91744276.0 520460812.0 91797132.0 520628889.0 91936851.0 520690508.0 91821621.0 520804956.0 91665090.0 520893945.0 91443538.0 520993993.0 91347160.0 520992965.0 91448328.0 521115012.0 91580940.0 521180305.0 91546858.0 521272419.0 91436724.0 521351248.0 91274458.0 521365388.0 91163308.0 521382515.0 90975157.0 521370086.0 90819932.0 521391673.0 90721248.0 521449713.0 90646064.0 521490620.0 90484223.0 521442505.0 90361741.0 521400776.0 90262585.0 521360728.0 90174184.0 521551053.0 90126587.0 521726534.0 89961462.0 521861368.0 90196177.0 521904144.0 90455088.0 521919593.0 90457786.0 522097013.0 90406027.0 522255590.0 90701347.0 522268674.0 90706786.0 522345236.0 90525463.0 522405209.0 90380384.0 522485509.0 89927512.0 522603224.0 89755548.0 522623791.0 89759322.0 522693668.0 89770190.0 522759322.0 89700423.0 522730451.0 89649221.0 522780991.0 89838297.0 522850442.0 89866241.0 522908411.0 89893346.0 522992503.0 89918206.0 523072049.0 89897714.0 523147867.0 89959894.0 523177461.0 90252036.0 523387077.0 90396553.0 523418274.0 90591189.0 523437552.0 90638725.0 523471358.0 90677872.0 523477761.0 90730096.0 523493456.0 90853942.0 523599095.0 90986871.0 523780512.0 91024804.0 523888243.0 91251607.0 524152224.0 91058175.0 524275170.0 91051675.0 524381408.0 91134587.0 524619951.0 91340011.0 524839711.0 90964283.0 524978110.0 90658270.0 524966591.0 90455851.0 524888159.0 90222628.0 524711728.0 89921980.0 524506596.0 89850075.0 524418192.0 89774101.0 524273646.0 89510578.0 524160525.0 89354284.0 524016735.0 88908607.0 524034119.0 88702695.0 523929969.0 87952457.0 523977040.0 87330686.0 523962673.0 87106213.0 524082751.0 87089352.0 524234645.0 87048066.0 524520690.0 87102021.0 524696558.0 86958253.0 525098740.0 86855826.0 525120447.0 86880133.0 525161658.0 86896658.0 525186993.0 86580678.0 525275673.0 85265341.0 525068633.0 84594119.0 524735205.0 84252631.0 524515422.0 84173861.0 524446149.0 83950776.0 524498786.0 83568504.0 524459919.0 83058070.0 524431671.0 83817678.0 523866627.0 84423540.0 523590766.0 84614695.0 523171629.0 84618326.0 522986755.0 84629078.0 522762770.0 84663637.0 522510739.0 84592623.0 522415813.0 84588185.0 522348893.0 84610478.0 522289885.0 84522986.0 522240850.0 84445921.0 522161204.0 84516361.0 522067634.0 84548993.0 521994606.0 84917174.0 521923575.0 85049218.0 521781723.0 84988192.0 521733244.0 84942796.0 521694915.0 84893268.0 521665607.0 84819881.0 521609251.0 84542831.0 521555564.0 84440259.0 521502859.0 84174567.0 521403098.0 84072960.0 521326828.0 84050521.0 521265975.0 84049941.0 521230282.0 84085971.0 521204562.0 84103400.0 521178578.0 84107337.0 521153514.0 84010513.0 521106971.0 83902896.0 521083797.0 83876088.0 521083333.0 83855111.0 521083884.0 83816734.0 521088334.0 83783555.0 521093660.0 83576816.0 521182596.0 83419873.0 521224475.0 83165410.0 521228653.0 83009912.0 521208081.0 82843496.0 521275483.0 82883830.0 521342126.0 82776476.0 521313749.0 82662504.0 521267664.0 82566629.0 521208880.0 82398774.0 521166115.0 82284462.0 521085854.0 82203095.0 521036119.0 82070666.0 520916062.0 82014925.0 520846610.0 81984769.0 520795924.0 81962382.0 520742178.0 81697073.0 520729736.0 81378956.0 520731086.0 80921981.0 520638201.0 80601319.0 520671402.0 80349897.0 520673566.0 80165106.0 520576406.0 79918604.0 520464478.0 79807963.0 520359557.0 79147151.0 520605239.0 78915325.0 520875621.0 79425935.0 521007586.0 79689565.0 521147621.0 80076986.0 521157311.0 79976597.0 521532860.0 80106779.0 521590432.0 80218972.0 521651925.0 80019462.0 521755303.0 79802685.0 521715857.0 79644628.0 521752403.0 79385078.0 521761021.0 79184688.0 521833733.0 79083393.0 521939891.0 79011483.0 522052538.0 79111087.0 522172705.0 79238800.0 522240172.0 79274381.0 522364703.0 79223076.0 522519611.0 79291977.0 522654541.0 79500383.0 522673009.0 79509131.0 522766780.0 79328730.0 522955897.0 79443332.0 523040358.0 79830383.0 523102611.0 79672327.0 523205649.0 79517792.0 523325610.0 79523221.0 523489053.0 79418947.0 523564546.0 79333216.0 523641940.0 78595938.0 523738637.0 77716381.0 523839194.0 77021326.0 524345260.0 76230587.0 524695074.0 75769975.0 524450613.0 75930562.0 524103712.0 75814181.0 523958938.0 75714975.0 523795154.0 75410723.0 523697327.0 74843950.0 523498278.0 74048342.0 523128019.0 73564685.0 522862111.0 72786706.0 522641422.0 71457318.0 522649700.0 71092773.0 522496387.0 70651817.0 522403560.0 70344641.0 522268959.0 70136568.0 522269649.0 69933089.0 522271666.0 69852506.0 522252433.0 69847291.0 522232462.0 69810737.0 522206853.0 69796956.0 522148463.0 69765132.0 522104274.0 69716649.0 522035293.0 69439825.0 521800528.0 69243655.0 521781096.0 69061873.0 521742978.0 68994969.0 521664370.0 68819812.0 521568602.0 68746109.0 521362460.0 68655377.0 521269521.0 68201372.0 521184259.0 67599538.0 521143275.0 67560525.0 520975854.0 67488689.0 520948970.0 67449822.0 520931222.0 67268660.0 520739346.0 66940433.0 520625170.0 66885471.0 520398621.0 67212178.0 520379680.0 67465775.0 520303340.0 67742177.0 520167525.0 67868054.0 520103607.0 68268646.0 519929651.0 68327817.0 519722835.0 67960489.0 519398804.0 67634594.0 519153669.0 67423835.0 519053926.0 67105958.0 519023552.0 66998242.0 519090588.0 66894088.0 519151750.0 66847422.0 519173208.0 66328049.0 519009705.0 65683832.0 518877336.0 65577801.0 518820139.0 65540330.0 518837785.0 65502296.0 518856638.0 65467819.0 518836874.0 65408147.0 518817598.0 65334629.0 518785948.0 65244764.0 518740923.0 65126691.0 518720723.0 65026473.0 518680078.0 64918645.0 518599298.0 64879312.0 518590633.0 64789474.0 518569148.0 64682080.0 518542415.0 64507314.0 518652812.0 64319080.0 518597385.0 64288035.0 518635920.0 64241463.0 518660356.0 64193380.0 518670138.0 64109466.0 518702979.0 64092027.0 518694319.0 64061020.0 518706340.0 64023621.0 518691502.0 63981477.0 518709209.0 63954908.0 518715868.0 63930955.0 518736718.0 63905148.0 518720942.0 63874757.0 518657914.0 63880587.0 518619005.0 63900835.0 518614969.0 63938862.0 518596973.0 63973399.0 518574925.0 64010366.0 518555870.0 64077345.0 518543539.0 64083493.0 518518406.0 64053405.0 518481572.0 64031981.0 518457936.0 64031948.0 518421235.0 64053961.0 518396771.0 64079097.0 518364908.0 64046287.0 518362746.0 64039402.0 518344243.0 64059237.0 518309835.0 64073603.0 518283113.0 63985150.0 518292172.0 63921716.0 518320031.0 63891822.0 518333782.0 63850102.0 518341414.0 63818236.0 518347844.0 63748274.0 518348562.0 63697576.0 518335925.0 63632893.0 518351749.0 63640464.0 518385231.0 63618343.0 518437518.0 63582525.0 518472437.0 63514190.0 518495135.0 63438846.0 518510287.0 63390115.0 518508042.0 63289967.0 518516287.0 63234427.0 518514710.0 63176064.0 518511791.0 63117985.0 518503070.0 63057149.0 518501658.0 63024553.0 518567789.0 62991438.0 518649811.0 62908866.0 518703634.0 62686159.0 518732316.0 62473462.0 518696929.0 62255798.0 518687805.0 61980241.0 518737404.0 61914002.0 518874090.0 61768348.0 518973874.0 61594479.0 519035734.0 61460853.0 519029390.0 61276033.0 518989337.0 61108592.0 518978131.0 61102610.0 518921130.0 61224634.0 518900596.0 61380521.0 518835966.0 61437423.0 518741645.0 61513662.0 518662573.0 61615139.0 518629869.0 61647609.0 518595569.0 61657944.0 518487226.0 61087852.0 518478962.0 60606659.0 518612705.0 60454451.0 518484479.0 60263011.0 518441553.0 60140993.0 518371326.0 59970659.0 518314059.0 59820180.0 518318319.0 59686692.0 518341776.0 59572694.0 518164134.0 59484826.0 518113892.0 59645967.0 518062373.0 59740712.0 518001012.0 59750704.0 517887882.0 59887462.0 517832885.0 59862569.0 517724213.0 59785326.0 517597836.0 59595863.0 517520791.0 59530243.0 517411964.0 59916746.0 517387166.0 60321819.0 517232338.0 60440821.0 517159652.0 60338293.0 517131037.0 60267238.0 517078000.0 60296278.0 516989074.0 60285426.0 516890487.0 60318504.0 516843975.0 60318095.0 516747414.0 60748036.0 516644528.0 60871963.0 516618394.0 61062183.0 516592014.0 61141444.0 516492227.0 60939341.0 516221540.0 61140758.0 515952590.0 62139387.0 515010338.0 62206619.0 514813608.0 62232391.0 514716452.0 62207150.0 514571015.0 62127843.0 514266983.0 62243067.0 513970894.0 62240590.0 513658396.0 61899058.0 513394773.0 61689360.0 513304144.0 61471372.0 513002799.0 61326912.0 512885349.0 61125289.0 512663613.0 60866449.0 512483395.0 60684662.0 512133503.0 60880836.0 511707149.0 60903785.0 511703978.0 60923561.0 511706000.0 60941430.0 511705882.0 60960061.0 511710868.0 60980518.0 511702775.0 61014345.0 511713881.0 61042934.0 511720134.0 61078611.0 511729853.0 61112081.0 511741216.0 61148449.0 511767361.0 61735459.0 511900772.0 61482613.0 511695093.0 61633783.0 511487424.0 61599241.0 511491853.0 61573454.0 511486522.0 61552659.0 511484327.0 61537117.0 511481371.0 61509446.0 511481820.0 61483171.0 511486036.0 61458434.0 511479943.0 61449620.0 511473306.0 61423809.0 511468892.0 61387265.0 511462879.0 61362811.0 511455551.0 61338266.0 511453110.0 61320343.0 511450927.0 61301653.0 511450592.0 61281675.0 511448340.0 61268020.0 511448110.0 61260067.0 511446845.0 61246377.0 511446907.0 61242320.0 511437786.0 61229201.0 511431858.0 61220357.0 511426837.0 61210636.0 511422942.0 61211465.0 511408508.0 61185733.0 511400367.0 61172735.0 511396352.0 61156505.0 511391326.0 61116737.0 511383073.0 61068775.0 511374892.0 61047466.0 511371184.0 61032846.0 511365924.0 61007524.0 511362603.0 60989142.0 511354792.0 60892870.0 511307331.0 60832103.0 511240425.0 60758834.0 511191919.0 60526954.0 511064521.0 60244871.0 510936776.0 59967851.0 510835404.0 59809408.0 510690218.0 59696555.0 510528178.0 59604917.0 510420062.0 59544490.0 510362995.0 59357662.0 510392999.0 59132078.0 510668830.0 58720847.0 510515784.0 58779866.0 510376496.0 58773960.0 510227886.0 58854458.0 510138160.0 58987909.0 510037367.0 59038061.0 509883121.0 58991508.0 509840432.0 59046949.0 509745525.0 59426058.0 509863463.0 59682802.0 509793944.0 60084644.0 509830287.0 60130005.0 509603978.0 60302761.0 509324289.0 60569351.0 509218916.0 60900164.0 509193622.0 60863499.0 509122583.0 60812880.0 509091005.0 60799904.0 509044926.0 60765062.0 508945866.0 60761394.0 508921273.0 60756159.0 508902652.0 60770906.0 508878723.0 60788164.0 508869428.0 60782219.0 508851559.0 60796675.0 508831678.0 60815792.0 508822158.0 60834852.0 508811001.0 60872082.0 508784739.0 60772536.0 508606598.0 60632241.0 508502506.0 60606836.0 508506790.0 60567883.0 508518774.0 60533819.0 508564887.0 60524107.0 508558588.0 60511050.0 508553619.0 60501514.0 508547442.0 60490040.0 508539662.0 60471084.0 508532800.0 60458803.0 508528028.0 60447908.0 508524547.0 60439268.0 508523178.0 60428616.0 508518103.0 60417329.0 508512717.0 60402106.0 508510674.0 60368487.0 508507375.0 60350426.0 508505474.0 60317252.0 508493456.0 60166850.0 508344720.0 60244911.0 508224175.0 60233279.0 508131545.0 60021685.0 508023012.0 59801627.0 508061872.0 59755794.0 507977834.0 59776401.0 507968188.0 59790373.0 507960616.0 59800503.0 507953365.0 59815231.0 507950532.0 59831416.0 507949271.0 59850513.0 507946372.0 59864020.0 507938601.0 59881836.0 507940688.0 59919841.0 507919829.0 59960870.0 507872894.0 59988621.0 507868087.0 59998432.0 507857455.0 60005100.0 507852912.0 60015462.0 507847130.0 60024573.0 507842151.0 60038898.0 507839024.0 60048528.0 507834882.0 60059512.0 507828995.0 60066000.0 507822012.0 60084084.0 507812916.0 60104292.0 507804676.0 60118663.0 507802073.0 60137774.0 507795087.0 60158858.0 507788222.0 60176447.0 507779998.0 60191888.0 507773992.0 60207075.0 507764188.0 60227734.0 507761380.0 60248280.0 507756306.0 60269796.0 507745595.0 60278060.0 507734483.0 60215187.0 507663771.0 60200062.0 507573664.0 60371360.0 507359668.0 60367515.0 507206950.0 60786718.0 507211922.0 61216091.0 507159463.0 61573156.0 506732757.0 61883691.0 506646466.0 61946234.0 506406445.0 62379694.0 506445231.0 62737915.0 506287397.0 62476105.0 506030404.0 62429233.0 505899909.0 62320574.0 505638362.0 62167067.0 505563426.0 61983545.0 505394230.0 62115006.0 505161973.0 62244957.0 504950297.0 62514048.0 505035287.0 62951279.0 504978705.0 63345846.0 504892233.0 63410777.0 504780276.0 63430714.0 504610325.0 63773874.0 504396329.0 63575363.0 503949009.0 63641193.0 503678806.0 63849790.0 503532222.0 64069364.0 503367020.0 64244155.0 503262516.0 64040605.0 503449475.0 63951288.0 503616826.0 63901195.0 503782498.0 64151789.0 503867104.0 64188850.0 503735638.0 64331197.0 503648406.0 64492136.0 503707871.0 64601740.0 503562257.0 64519792.0 503353601.0 64714843.0 503403955.0 64940081.0 503476547.0 65169537.0 503555848.0 65343742.0 503697832.0 65652887.0 503720230.0 66047682.0 503858534.0 66189618.0 503755626.0 66295029.0 503509469.0 66557558.0 503539885.0 66688669.0 503707546.0 66962069.0 503423153.0 67183857.0 503462824.0 67521567.0 503551864.0 67778510.0 503622357.0 68022184.0 503699948.0 67695372.0 503930052.0 67795487.0 504127430.0 67702534.0 504346863.0 67452766.0 504365923.0 67646828.0 504615405.0 67432919.0 504681317.0 67844699.0 504877816.0 68071545.0 504822882.0 68154054.0 504707295.0 68351965.0 504655531.0 68539907.0 504559932.0 68684747.0 504568336.0 68876648.0 504659841.0 69015208.0 504807894.0 69033545.0 504991074.0 68918891.0 505073694.0 68926071.0 505182597.0 68847198.0 505240570.0 69020004.0 505300569.0 69163742.0 505292435.0 69312973.0 505352243.0 69242634.0 505498302.0 69430895.0 505630262.0 69759227.0 505575748.0 70205681.0 505808454.0 70512974.0 506043567.0 70768042.0 505907907.0 71078941.0 505987710.0 71289900.0 506046732.0 71518439.0 506104390.0 71846800.0 506229137.0 71959863.0 506441913.0 72120040.0 506294400.0 72346516.0 506277020.0 72565467.0 506244621.0 72754975.0 506276446.0 72972379.0 506320584.0 73099976.0 506381582.0 73231233.0 506412731.0 73278102.0 506400988.0 73320619.0 506387170.0 73361773.0 506405209.0 73426280.0 506433459.0 73528103.0 506471610.0 73588054.0 506520696.0 73554002.0 506586688.0 73678532.0 506795529.0 73656608.0 506885031.0 73655672.0 506917770.0 73662410.0 506938511.0 73673814.0 506958488.0 73607690.0 506974227.0 73587053.0 506988821.0 73607954.0 507003480.0 73629641.0 507017722.0 73623549.0 507039266.0 73645086.0 507053881.0 73677860.0 507074526.0 73749954.0 507180779.0 73794572.0 507157206.0 73989852.0 507150555.0 74519590.0 507157586.0 74917972.0 507254231.0 75181927.0 507311969.0 75555281.0 507443725.0 75861201.0 507397368.0 75942259.0 507471716.0 75930140.0 507527133.0 75916894.0 507581413.0 75977938.0 507612211.0 75986075.0 507646981.0 76020059.0 507674058.0 76069600.0 507674701.0 76175506.0 507703754.0 76369814.0 507700486.0 76548344.0 507694173.0 76587841.0 507845990.0 76779790.0 507823003.0 76797149.0 507903810.0 76822138.0 507947382.0 76753041.0 508021932.0 76724338.0 508132962.0 76630418.0 508199863.0 76747260.0 508190088.0 76801046.0 508204909.0 76889317.0 508229683.0 77124231.0 508338010.0 77583067.0 508435580.0 77597707.0 508537690.0 77519258.0 508713950.0 77352161.0 509176253.0 78193086.0 509333307.0 78426402.0 509171256.0 78331697.0 508970448.0 78504433.0 508780571.0 78848021.0 508714242.0 79047254.0 508498952.0 79351893.0 508473001.0 79472158.0 508463484.0 79589544.0 508484034.0 79678883.0 508364649.0 79755856.0 508234008.0 79687892.0 507991441.0 79647499.0 507831948.0 79808216.0 507637901.0 80149297.0 507424655.0 80391722.0 507276112.0 80628189.0 506972361.0 81279124.0 506936142.0 81634999.0 507311281.0 81475212.0 507546804.0 81396333.0 507628285.0 81277629.0 507856059.0 81390202.0 507909083.0 81801200.0 508221049.0 82316072.0 508530266.0 82603469.0 508721915.0 82917242.0 508801077.0 83231347.0 508630477.0 83690409.0 508642456.0 83873491.0 508822397.0 84063042.0 509022895.0 84496917.0 509169879.0 84517202.0 509426490.0 84592380.0 509638817.0 84739557.0 509758294.0 84970952.0 509932815.0 85125028.0 510039443.0 85234103.0 510102278.0 85168364.0 510434680.0 85054476.0 510425559.0 85221107.0 510539686.0 85125908.0 510707422.0 85036317.0 510740897.0 85060594.0 510837597.0 85220698.0 510904876.0 85567875.0 511035700.0 86068160.0 511009961.0 86612698.0 510960440.0 86724928.0 511008387.0 86857107.0 511072326.0 87029327.0 511085749.0 87193656.0 511099909.0 87021997.0 511161070.0 87028167.0 511426043.0 87215309.0 511529461.0 87371225.0 511642569.0 87527431.0 511752737.0 87504853.0 511866484.0 87586690.0 512030256.0 87411964.0 512186348.0 87309648.0 512395394.0 87366638.0 512608521.0 87214900.0 512744635.0 86948639.0 512747834.0 86751709.0 512675741.0 86562577.0 512651483.0 86282959.0 512578241.0 86106506.0 512466843.0 85906536.0 512487450.0 85828667.0 512592238.0 85624696.0 512738001.0 85804574.0 512962192.0 85909703.0 513032138.0 86044000.0 513228692.0 86343321.0 513424373.0 86552413.0 513445119.0 86651863.0 513556074.0 86799481.0 513597899.0 87393805.0 513750112.0 87623001.0 513798827.0 87915827.0 513875160.0 88326635.0 513869052.0 88772499.0 513861194.0 89083482.0 513924138.0 89390717.0 513917310.0 89435718.0 514120747.0 89472161.0 514254866.0 89184394.0 514331852.0 89192301.0 514485165.0 89013187.0 514670594.0 88965352.0 514854433.0 89265947.0 514933775.0 89618843.0 515047333.0 90008272.0 515126315.0 90332826.0 515051495.0 90607476.0 514990153.0 90921070.0 514913063.0 90801840.0 514626195.0 91030078.0 514431377.0 91310256.0 514462655.0 91619150.0 514456557.0 91735191.0 514598691.0 92134901.0 514614251.0 92231400.0 514848555.0 92368824.0 514921647.0 92710361.0 515073161.0 93043171.0 515122787.0 93106450.0 515302847.0 93159511.0 515437692.0 93241098.0 515536301.0 93460813.0 515714682.0 93688037.0 515908471.0 93470268.0 516054344.0 93789139.0 516266891.0 94372036.0 516375709.0 94237799.0 516496832.0 93832730.0 516464119.0 93963058.0 516726640.0 94015107.0 517017627.0 93939716.0 517318723.0 93939791.0 517579781.0 94209726.0 517778500.0 94420817.0 517960543.0 94276397.0 518118324.0 94366626.0 518356477.0 94617417.0 518576793.0
0